Numbers generated
2336
2046
2416
2468
2534
2476
2249
2584
2012
2116
2358
2584
2122
2512
2084
2552
2581
2502
2198
2352
2216
2120
2516
2504
2428
2220
2131
2360
2119
2370
2029
2380
2364
2586
2251
2008
2028
2076
2421
2344
2148
2022
2558
2324
2216
2552
2250
2408
2362
2290
2463
2396
2341
2056
2483
2392
2522
2576
2258
2056
2465
2350
2439
2296
2513
2032
2421
2112
2174
2362
2435
2148
2528
2302
2104
2256
2450
2534
2335
2224
2256
2358
2098
2260
2045
2542
2513
2444
2086
2034
2535
2244
2259
2096
2539
2596
2236
2592
2155
2584
2119


Array
0 2236
1 2122
2 2022
3 2528
4 2428
5 2224
6 2584
7 2324
8 2028
9 2534
10 2131
11 2435
12 2029
13 2336
14 2034
15 2439
16 2535
17 2542
18 2341
19 0
20 2444
21 2344
22 2244
23 2539
24 2032
25 2045
26 2046
27 2249
28 2250
29 2352
30 2552
31 0
32 2251
33 2148
34 2256
35 2358
36 2558
37 2360
38 2450
39 2552
40 2256
41 2364
42 2362
43 2259
44 2468
45 2463
46 2155
47 2370
48 2056
49 0
50 2465
51 2576
52 2476
53 2174
54 2258
55 0
56 2581
57 2380
58 0
59 2584
60 2056
61 2586
62 2584
63 2350
64 2084
65 2076
66 2362
67 2592
68 2290
69 2392
70 0
71 2483
72 2148
73 2396
74 2296
75 2534
76 2096
77 2198
78 2502
79 0
80 2504
81 2335
82 0
83 2302
84 2104
85 2408
86 2358
87 2098
88 2512
89 2008
90 2086
91 0
92 2516
93 2416
94 0
95 2216
96 2012
97 0
98 2421
99 2116
100 2120
101 2216
102 2220
103 0
104 2522
105 2119
106 0
107 2513
108 2119
109 0
110 2421
111 0
112 0
113 2112
114 0
115 0
116 2260
117 0
118 0
119 2513
120 0
121 0
122 2596
123 0
124 0
125 0
2314 could not be found
2324 was found at index 7
2324 could not be found
2580 could not be found
2409 could not be found
2484 could not be found
